__OPTIM0__================================================


2018-11-04 20:05    P치gina 1


0 1 2 3 4 5 6 7 8 9 10
78868 69646 72229 72305 69907 70848 70140 71435 71928 75355 73292
59293 55110 53704 54086 54486 53582 54609 53485 55848 55022 57176
12246 11256 11164 11231 11182 11232 11216 11844 11347 11483 11721
10767 10465 10551 10360 10526 10341 10661 10723 11629 11321 10787
19106 18738 19151 18754 18683 18666 18666 19423 20746 19072 19651
9197 9178 9464 8970 8514 9226 8452 8438 8864 9202 9579
4530 4941 4570 4714 4782 4953 4532 4479 5232 4605 4858
808 839 804 840 885 1135 832 878 1167 781 831
2770 2674 2647 2748 2714 2965 2982 3008 2994 2630 2696
867 807 798 814 863 829 971 948 1159 797 817






__OPTIMg__================================================


2018-11-04 20:05    P치gina 1


0 1 2 3 4 5 6 7 8 9 10
24472 22811 22950 20718 20977 20448 22961 20719 21749 21050 20233
13251 13351 12450 12508 12646 12907 12900 14526 13206 12127 14690
11037 10460 9937 10747 10099 9913 9922 9944 9788 10005 10003
11852 13770 9455 9319 9302 9389 9346 9425 9214 10111 9409
6160 6924 5974 5763 5814 5813 6031 5815 5875 6094 5772
2668 2655 2510 2528 2606 2488 3095 2469 2523 2664 2548
1545 1639 1463 1605 1529 1526 2366 1462 1463 1548 1496
399 391 419 375 423 443 467 378 384 397 448
542 463 446 484 450 446 588 445 445 585 448
354 308 298 296 303 302 365 325 299 339 335






__OPTIM1__================================================


2018-11-04 20:05    P치gina 1


0 1 2 3 4 5 6 7 8 9 10
26656 23060 21935 21492 20906 20810 20489 20829 23219 20717 20751
16403 11478 9545 10987 10514 9697 10420 10209 11215 9937 10684
12377 12724 12999 12958 12441 13231 12546 12798 13838 12821 12405
9596 10201 9827 10088 9594 9809 9761 9907 9994 10150 9686
4942 5945 5654 5222 4879 5075 4821 4945 4834 5018 4807
2665 2748 2708 2716 2712 2540 2647 2825 2759 2622 2847
1449 1424 1402 1454 1434 1493 1481 1550 1459 1444 1510
483 407 406 459 379 488 395 397 383 462 492
499 463 533 470 510 612 562 498 449 486 513
324 336 548 339 306 344 431 318 332 335 319






__OPTIM2__================================================


2018-11-04 20:05    P치gina 1


0 1 2 3 4 5 6 7 8 9 10
14389 15283 15754 14001 15408 14453 14199 19873 15394 15908 14801
10653 9034 11109 9626 9074 11089 9044 8899 9382 12467 9717
10196 11054 10668 10177 10470 10274 10350 10523 10597 10555 10146
10000 10941 9839 9430 10082 9675 9838 9561 9880 9450 9821
4969 6415 5007 5097 4934 5172 6414 5200 5000 5222 5447
2409 3052 2316 2634 2361 2344 2492 2529 2297 2535 2317
1448 1734 1485 1392 1334 1406 1572 1516 1297 1423 1363
466 549 442 461 450 450 533 406 395 405 396
499 592 461 461 449 505 627 516 451 457 484
349 654 327 370 492 342 399 328 319 360 328






